67,3
67,2
67,1
67,0
66,3
66,2
66,1
66,0
65,3
65,2
65,1
65,0
64,5
64,4
64,3
64,2
64,1
64,0
63,4
63,3
63,2
63,1
63,0
62,4
0,507
0,506
0,505
62,3
62,2
62,1
62,0
61,4
0,504
0,503
0,502
61,3
61,2
61,1
61,0
0,501
60,3
60,2
60,1
60,0
0,500
0,499
0,498
0,497
0,496
0,495
59,3
59,2
59,1
59,0
0,494
58,3
58,2
58,1
58,0
57,3
57,2
57,1
57,0
56,5
56,4
56,3
56,2
56,1
56,0
55,4
55,3
55,2
55,1
55,0
54,4
54,3
54,2
54,1
54,0
53,4
53,3
53,2
53,1
53,0
52,3
52,2
52,1
52,0
0,493
0,492
0,491
0,490
0,489
0,488
0,487
0,486
0,485
0,484
0,483
0,482
0,481
0,480
0,479
0,478
51,3
51,2
0,477
51,1
51,0
0,476
0,475
0,474
50,3
50,2
0,473
0,472
50,1
50,0
0,471
0,243
0,470
0,469
49,3
49,2
0,468
49,1
49,0
0,467
0,466
48,5
0,465
0,464
48,4
0,463
